0.000	0.000
0.992	6.022
1.984	5.694
2.976	5.501
3.968	5.365
4.960	5.259
5.952	5.173
6.944	5.100
7.936	5.036
8.928	4.980
9.920	4.930
10.912	4.885
11.904	4.844
12.896	4.806
13.888	4.771
14.880	4.738
15.872	4.708
16.864	4.679
17.856	4.652
18.848	4.626
19.840	4.602
20.832	4.579
21.824	4.557
22.816	4.536
23.808	4.515
24.800	4.496
25.792	4.477
26.784	4.459
27.776	4.442
28.768	4.426
29.760	4.410
30.752	4.394
31.744	4.379
32.736	4.364
33.728	4.350
34.720	4.336
35.712	4.323
36.704	4.310
37.696	4.297
38.688	4.285
39.680	4.273
40.672	4.261
41.664	4.250
42.656	4.239
43.648	4.228
44.640	4.217
45.632	4.207
46.624	4.197
47.616	4.187
48.608	4.177
49.600	4.167
50.592	4.158
51.584	4.149
52.576	4.140
53.568	4.131
54.560	4.122
55.552	4.114
56.544	4.105
57.536	4.097
58.528	4.089
59.520	4.081
60.512	4.073
61.504	4.065
62.496	4.058
63.488	4.050
64.480	4.043
65.472	4.036
66.464	4.028
67.456	4.021
68.448	4.015
69.440	4.008
70.432	4.001
71.424	3.994
72.416	3.988
73.408	3.981
74.400	3.975
75.392	3.969
76.384	3.963
77.376	3.956
78.368	3.950
79.360	3.944
80.352	3.938
81.344	3.933
82.336	3.927
83.328	3.921
84.320	3.916
85.312	3.910
86.304	3.905
87.296	3.899
88.288	3.894
89.280	3.889
90.272	3.883
91.264	3.878
92.256	3.873
93.248	3.868
94.240	3.863
95.232	3.858
96.224	3.853
97.216	3.848
98.208	3.843
